61 67
48542 2534 81395 7969 596 26758 4910 21687 68214 49670 5552 61865 49454 39118 61649 37509 71088 29605 22945 35111 76477 15366 50763 10204 28715 82097 27245 13866 65273 41803 24152 47313 6590 45066 54554 59086 16805 14268 54704 25789 53743 50972 48780 71774 62333 58250 65301 43779 7084 2902 74602 72608 56931 41058 60308 19419 21946 69230 77588 5714 56652 45375 16621 62359 10541 1254 7492 
82392 37482 36332 9273 32916 38131 46998 9778 33996 6075 50810 34362 48085 7842 41250 37119 22689 72615 6915 30495 53298 23064 26422 59750 29173 35549 25557 31314 69388 55192 77601 16047 22483 41399 26317 13661 56494 68195 26498 43902 17426 68132 77877 22277 77211 35832 59599 41954 16600 80850 34600 43141 25028 75938 5265 59730 53112 63306 78202 24274 24318 33492 39396 42904 37179 54585 14838 
415 55279 5425 20644 80373 50121 72194 37690 59025 42553 12913 62171 54321 21020 72123 56616 26729 67941 61362 15660 46870 77310 45702 49306 19787 57891 82273 18029 8146 12196 45221 43327 70266 35966 6067 4777 69074 11558 21864 52449 16674 34665 6996 50526 32065 82639 38121 39893 79121 4297 27314 43001 2439 13221 67484 44859 71398 40108 40179 13088 49634 42155 37910 24580 43870 72557 30353 
37975 42013 69533 36951 7513 62292 52126 54141 60916 68205 9562 32423 15140 57298 68204 73032 82215 56557 40995 1130 367 82252 67781 72366 45922 16179 71726 5708 46320 7747 34448 10220 68099 59327 43700 27321 28876 24402 1781 61304 52331 70617 57043 18363 3773 677 65376 64283 13649 36870 40940 39797 20353 37314 65816 3568 30567 6252 66365 59680 15284 23799 55473 19233 51715 42299 25920 
49448 12963 39471 51227 6423 31185 41853 65040 5236 2966 3025 65711 44382 72107 64810 48928 5190 36761 57735 52422 23044 13701 76889 63929 39810 22896 15745 57679 18698 2177 28679 58478 57811 68454 59467 4911 6988 49877 66797 53821 54031 10402 63481 20078 69607 71112 65109 67777 64383 5960 42275 20985 78672 29464 12635 41632 15097 60337 17845 29883 27024 33004 37411 74939 6776 24337 60871 
43505 71437 68824 45106 78401 11355 7259 21878 38940 71366 42736 35528 22898 81306 39046 78224 65711 45775 53390 9076 71497 46093 10004 36072 58859 13847 12779 46905 29250 27423 21272 27567 73755 82168 20061 49854 56540 24409 24135 5426 67803 7543 55939 55308 75041 14808 82305 30736 52104 46205 5778 11099 7805 30446 19358 34495 31810 38352 25020 27770 56904 33653 38355 10407 80018 17348 71526 
16921 21299 7583 12009 77653 12145 32995 72647 11375 44440 62352 74583 33528 72244 42242 76721 78270 64620 71849 41002 68781 62473 17449 12362 69700 45085 60875 64790 48657 50801 75318 71868 63825 78217 75052 51941 33612 41436 60663 55445 20861 74609 27172 9158 51172 51669 52665 38893 10718 27240 56066 63913 75424 68117 10536 37695 1218 8734 72667 12932 26040 8181 46215 81794 46832 39055 51817 
11043 12815 56780 73627 59220 19823 67470 21853 66614 56691 24339 57383 30377 6475 33090 70442 73804 66012 11664 67627 81032 26156 969 77386 69588 25031 61453 16133 34833 44262 16390 36803 44029 46876 39769 13050 45047 30145 46337 25224 77595 64680 62140 8558 16364 71524 57029 65793 14926 13116 66081 77842 69743 27247 50865 21368 3889 56763 7725 11451 24091 41889 28228 55197 20469 51985 69301 
57217 29952 58752 59675 9286 8829 14169 8707 51633 58062 25965 58543 39203 284 23213 9963 5010 36029 80069 48373 49463 15931 36662 56694 34884 27134 30602 2676 20397 32349 1774 38968 33471 17891 12078 54611 18389 34881 5400 18632 76591 76898 43328 39838 41003 55549 62599 80385 10731 2878 30117 8189 39023 32177 31384 21291 60058 44378 7112 64946 64672 19887 25872 60759 66301 30988 36791 
33394 72347 37703 55421 42367 19771 27983 1939 7607 73377 19290 6094 6564 32063 71250 80754 72074 79106 37984 134 77860 26177 63822 23153 29299 67019 67729 54837 3900 15611 22861 76666 80530 11131 75517 83097 59556 1262 51072 78077 53994 1160 69020 30854 34276 40611 11291 19626 62154 32971 33302 55604 41406 20923 54516 75057 29861 74668 41006 2735 82534 70224 32425 11063 70673 80394 36140 
33101 78476 53360 71318 27707 46605 13639 45138 72120 21954 53931 61116 33974 63398 28976 67278 30519 31934 56205 33853 3819 1983 53427 32625 66379 1860 19271 63128 11696 69677 55259 13555 62163 68321 6319 8277 40330 60206 57795 59188 24918 30994 17431 13756 39310 3076 44086 61863 49874 50392 8913 12368 63175 59581 36239 2729 30577 11917 75866 6221 59695 18331 56671 52518 29275 36548 66869 
30958 47363 78915 11223 42499 20619 37177 81842 28448 72687 66717 53933 60655 75950 35169 21779 81338 22798 28143 61235 72712 54455 70905 28298 63260 79649 34611 63516 3078 41528 37562 45423 19181 58852 34333 48130 38025 64842 56632 75931 10177 34862 45407 49501 60589 70289 43367 20875 82139 74311 38144 2938 33983 643 38403 52444 78590 45997 48640 51981 20026 75331 40218 64173 30363 12193 20799 
39221 20038 56960 70786 35011 66270 3667 1346 37390 63578 70422 34468 56836 78692 78258 71689 78156 63911 55409 16461 78047 47279 354 61328 16810 38357 46829 68853 34456 47486 40436 171 35137 32585 44876 24928 8663 82392 67380 71934 16980 49747 67295 14085 37059 69219 31458 61745 76711 46394 46376 27401 43309 19961 14001 14939 49774 26193 32519 31957 9639 35773 44991 45742 45202 79181 69135 
48124 2083 7868 57568 49343 115 78801 25116 40996 47063 39008 50207 31179 31163 22673 19485 39405 82290 3586 11577 31978 40300 71521 33567 26960 55120 69339 55205 12462 38364 63618 3023 22435 23785 13110 6787 13951 39836 11287 32242 25052 34476 30222 80644 42537 72519 24048 64408 26904 64087 73338 65485 8492 26242 35024 51276 78616 23983 60041 6252 61757 24281 53613 21911 35857 21527 80089 
59621 68123 66076 7079 414 31047 69318 65527 32588 41121 26677 55172 56645 72125 74353 4748 64729 1720 65476 55123 4972 57746 580 3499 31951 14901 17784 408 56955 57520 57874 61060 1030 16461 14455 30670 50726 3119 31803 72670 12095 67497 18824 8340 24250 38679 56256 10212 26074 80895 18009 59548 81160 76861 82666 430 45891 18268 78739 3389 42356 14511 40296 5099 53351 11892 4306 
13365 22255 10169 15147 42165 11833 78234 34762 22030 63531 10010 79759 18399 14292 64265 33867 7216 79464 35225 21723 14282 13431 40153 76148 4115 62856 45908 5097 41197 28059 43917 23962 1623 15256 20488 77860 61059 66112 51192 80259 31126 39882 9996 44015 6208 10233 24470 78856 61078 43687 3903 866 34440 68706 25755 26694 45248 31646 63981 16716 67808 81673 60489 16138 12097 51045 49096 
38056 71608 26532 2380 1448 7495 60126 42620 48467 18246 13383 16857 79112 3572 71223 47697 55622 7639 5491 37297 49598 78793 21792 56257 60304 57429 681 23880 35810 52888 27952 14436 12738 25600 40248 4435 51717 28505 70773 78884 13140 67709 74531 9838 19651 75703 33779 14599 23368 77454 56289 60976 4314 60105 25495 64555 25999 55539 61372 63665 35536 18421 44731 36968 3143 21690 46328 
67770 52586 80268 9332 69648 1311 26379 66012 75792 39018 35115 43440 61103 44642 20159 59709 19054 71749 61775 18116 7477 59961 20363 63243 35358 33506 36998 42362 44271 51187 4329 35659 49997 41559 78492 42311 6258 57642 9620 60559 6131 52723 24565 81573 60271 1691 70086 76919 82941 7520 80362 68945 19930 78101 53599 70556 63178 16916 22042 64032 61139 42798 37034 8161 36487 67873 41759 
4288 33068 26416 24285 54178 25791 80294 14390 72100 36490 17809 49833 37076 35834 39711 17209 57957 71934 46689 37299 61478 51973 16698 13257 59758 1749 57241 24951 30333 81799 38534 44802 62494 48593 66156 32469 29571 52239 19505 82179 66018 50217 48967 31494 48395 54894 69931 46967 30912 24882 28948 82506 55613 57282 37869 43392 49441 25104 23527 13643 55766 28637 48979 55110 48286 46091 17257 
10268 58079 18446 33465 18542 15536 63273 11173 46132 7771 59672 81323 27079 59730 66596 6501 40653 10308 55300 39445 80594 8291 60159 60163 59616 25259 504 40607 25777 65011 1221 69637 31325 31665 38835 60522 60906 23077 35781 10005 78991 4338 37920 33813 79790 19262 12630 30450 68193 34785 43621 33100 78562 59618 74460 56761 4544 52289 20951 50978 22378 51340 62138 20640 59083 2912 43259 
68787 59357 55894 19321 15936 57700 66141 24951 39112 56205 29885 17088 55080 18372 23809 60250 17229 61206 20517 7559 58238 32096 18601 65324 9867 16954 66197 37427 28464 23260 80146 35561 27126 45580 4275 50177 47007 19602 65154 28213 7357 55068 7632 15305 28781 35393 14582 54813 47607 38562 5857 78261 74869 11451 37384 67324 83063 51282 65450 72900 66175 41724 11038 21827 70638 82510 20490 
57186 76999 67852 19388 61403 82829 52189 70317 52085 68198 14067 14855 53661 61103 62591 24905 75730 49972 54049 14157 60852 7153 20121 36778 69477 70792 18624 29540 15108 1355 55135 82705 68230 56092 58903 20680 858 43210 46010 42095 52095 65520 10138 69410 47456 22176 45740 44149 29447 42461 70457 17421 14764 16588 77857 13858 45694 26464 27247 18591 20897 35541 1074 6759 68069 9130 38707 
74485 12107 75499 4106 5651 48938 55396 21609 77324 62805 565 35767 10295 36412 55472 70298 65852 69721 68916 69577 23259 68920 70938 9610 54896 77485 12254 76689 9956 15773 68315 81015 56042 20290 27243 77119 2155 11419 76809 24813 62032 72818 6178 48251 12422 36852 7291 27396 65012 6816 82206 75305 23858 54513 65558 6572 79319 73890 82759 54958 76673 30687 1871 46915 71615 15758 77194 
80827 41816 50168 77192 63019 48739 2929 8714 12212 34862 53706 34624 65485 9993 8752 76544 16106 74564 70862 11356 25519 63978 48827 55265 18158 5619 13876 73426 55586 73909 4748 55701 18457 13981 54320 65143 50532 14070 4676 59910 34433 77804 16296 23915 71823 2058 48733 80971 35778 41750 27724 41726 18121 50204 62635 42622 37463 46190 54471 239 34594 37007 80882 63813 41181 61232 57778 
27947 56845 31259 46829 55261 59175 68405 22270 34800 75332 28058 50896 26634 77818 40358 49489 53444 75614 28381 49034 59989 82977 6768 22662 13799 11307 34053 46433 67692 4257 28358 7859 79321 65695 2091 81139 17704 56071 50570 4497 14678 55350 72214 65917 37114 61752 7351 31710 30561 70006 26710 83012 50879 20448 7900 14202 55274 19684 18745 10931 15145 28482 22202 60227 81719 80312 82299 
30960 65776 9336 46705 19657 8312 59192 65720 69810 75358 60151 23411 59880 30431 56990 21764 73346 7332 61113 17291 11138 56832 25169 25040 13282 16985 73121 36403 73006 73699 35031 75881 30833 67596 10765 34946 49778 40426 64576 49840 42073 47846 1104 7624 81970 61098 29682 29535 3964 73234 49854 28936 9794 41021 19870 21947 35443 8467 46590 48978 18516 53663 65699 65569 71051 67919 55031 
13018 55214 34304 79693 56005 3055 62651 28482 2609 9807 47726 36997 34434 8693 24002 71106 74270 19025 37848 941 40142 58618 68763 7670 47153 30808 53372 8254 72456 29280 67404 32670 81061 24698 52183 14185 82684 5754 50657 52235 30350 16818 74463 76546 7521 80701 35841 82746 47125 29619 6695 65296 24133 9133 70059 24252 47666 33579 45113 7664 45376 55983 24764 53710 73575 8285 42212 
63233 9559 60352 72500 38898 64119 22857 35849 68520 10087 74046 21940 17846 73577 47035 9020 73877 58548 70216 52119 34120 20201 69046 45067 78399 41897 35694 81738 50144 12412 41195 31898 40199 56960 16751 53429 61292 1932 26260 28303 41351 11463 74126 45243 19524 2239 11623 61335 50081 31539 14681 72519 18056 80492 56269 54821 13237 11637 22697 68217 37684 46997 61228 35843 62557 33630 15172 
37519 59612 74292 25618 27420 5043 37032 14363 27313 10813 78654 60379 58715 57281 28610 46309 54565 4093 13747 32269 9189 6489 12021 23536 71540 28638 70245 67180 51424 31230 73133 9131 7411 57980 32746 67445 6252 60079 82704 38421 62367 10089 8988 51432 29325 14187 59785 80500 52244 10029 19316 37975 60672 1048 18092 49123 11365 28981 25939 30812 49681 55353 76507 67651 22802 47569 11731 
15010 19147 14304 33231 39623 6125 31270 69184 59913 18339 31423 48111 28831 80031 75842 47601 49554 32471 22899 31243 10484 19702 24239 4930 35986 28720 6623 79173 42972 60643 16710 11404 40648 72100 20013 61288 63781 56889 49800 41283 32419 62074 43659 56385 21666 81819 66347 50639 30069 64657 75331 32669 13625 76831 25879 22165 48895 37271 3676 65894 14628 75328 2629 63917 11261 75532 20495 
37533 72759 22049 28177 10120 55538 3961 74806 59465 44142 56689 73330 76793 44851 27398 1194 33596 61789 78284 78362 63728 23435 63528 78338 72265 11594 69820 1706 63230 42415 47522 3296 82135 8510 45420 21182 30790 5742 22778 9942 33351 77829 49566 77692 73926 62420 28120 75087 30867 72919 60189 70671 36275 43458 11963 29373 23754 25585 5884 32438 22730 55398 54409 4144 28452 48722 68413 
54530 82912 34401 8050 58344 26728 15393 45811 31964 78603 71028 24389 12185 53566 60985 71793 81452 57629 5201 6415 72432 24601 67476 35588 76342 33008 55047 30908 46247 33971 78027 25350 52327 64435 32488 32319 49231 64317 52215 8690 67046 43780 52883 38994 61486 53668 49419 36480 14712 20158 48362 23543 56847 65705 21575 70684 10523 64371 62109 30167 48280 69067 26302 82249 30787 25914 5737 
22359 9404 58928 16014 66275 60547 12624 33581 50488 23937 47560 74472 29441 75953 41191 19391 41394 41824 19920 3438 44631 23494 14807 37701 73445 36617 39593 77297 38056 51235 41547 61136 65831 71309 657 30242 70826 53620 51160 52504 24594 19996 9377 72523 63216 83069 5169 81778 78616 40511 57051 64217 13603 3304 23192 4780 70574 15697 52603 70907 26424 5320 40320 30785 70935 42465 70036 
64419 33696 80568 38301 7708 18618 74432 1401 44176 11447 82898 9218 5513 60342 13878 44220 51380 75726 70068 31387 51297 65097 32253 21623 68921 56268 45100 33248 5795 67337 68528 79219 78722 34998 45018 3063 13465 50603 36449 71786 34250 39576 39217 25390 72940 38377 1964 62067 42154 61724 3568 59992 415 12092 57662 39086 77513 19918 19323 59137 37913 32217 37583 80341 30647 31978 66634 
60856 63347 21670 81173 44561 41993 2063 82277 39378 38520 36471 13396 79889 66486 23763 66519 40019 54623 75964 34451 69531 57685 27540 64656 16930 19000 5967 24475 12622 17705 43676 17716 26944 62322 28485 16150 42568 50614 34712 46722 16427 5150 62522 14239 44684 3504 39229 37137 13804 17342 71852 14290 72211 27041 7383 56481 62428 46260 13437 4313 1931 19995 18199 76672 56668 73299 55152 
74728 9574 22069 18046 12375 68786 1687 32617 42422 49063 38701 12714 66486 46120 75890 69519 48979 72708 70370 65808 63368 70379 44635 5539 77847 73505 7974 36491 66702 66672 47551 49302 65014 54521 64982 37629 45290 56484 49517 80818 72965 18301 28908 75293 29484 39838 37973 33807 55460 54600 79456 43493 59349 56352 22859 33894 12323 42173 5963 54558 34196 47154 79253 28158 22699 10252 80893 
82578 71466 66310 74978 69909 41470 79884 57585 61730 75495 1800 44850 9792 81808 25250 26692 59006 3099 11402 69435 35903 23008 9254 70381 255 16311 60717 46509 8357 57250 36821 73987 16256 24743 46965 19752 48643 10095 32083 54895 70724 56899 56165 75559 26867 65506 68743 69388 52342 41562 26362 57848 26668 31433 43016 42975 51437 51806 12141 52995 5943 57387 11390 38617 24267 55471 63603 
34121 4633 26047 44787 68362 888 36919 43798 16273 3333 80437 32724 32110 64349 56330 18497 56606 38451 14707 23916 35042 44270 10177 81931 22480 43934 41826 71875 44425 33036 69188 68425 42423 36507 30760 17828 23693 33145 45439 15149 864 72111 32711 27902 61 30731 51377 51144 59039 82512 6603 2893 51314 12911 53711 16880 60540 15040 45944 76222 27774 38224 49544 2186 38654 68549 59098 
55246 57669 18649 78558 47244 58512 36224 36481 23729 19694 41830 52075 51597 68160 18260 41499 33848 12814 68850 63643 82055 20745 75190 52830 68328 32934 35779 16001 62577 55089 53566 69276 42765 62950 61973 35938 2884 63203 53547 39250 30512 26131 57460 54300 49370 33034 30689 72696 51138 10922 65683 61394 3468 3885 65375 63719 26924 12034 13486 1512 82482 55973 12283 62914 49292 79690 56518 
80550 58216 9664 20349 19941 46078 11247 9612 75741 41959 12794 46558 38202 15304 58923 40 40073 28369 40759 44240 35684 30556 80214 56767 24702 81253 6647 19995 14152 27384 79995 10216 57229 2629 7874 71530 25744 54888 20360 79100 25576 79970 80742 18697 49325 38095 73653 44901 6473 51794 9169 50277 30828 41192 11381 47877 61625 31333 25778 51948 27911 62291 68321 57238 57998 22845 44948 
50345 15817 61341 55065 81897 65187 1153 42444 2165 9009 1612 38648 2942 51285 8004 75766 46694 50997 7149 55979 60957 31414 21036 78312 81830 55252 58861 30394 65733 30521 75483 2941 37797 8528 68611 65749 23462 56704 65004 29953 22228 51028 37681 62146 52757 52469 12005 59596 42701 75554 34630 71988 62752 51546 11432 62298 39468 30420 40835 11832 33981 58283 53994 76553 2257 32303 36302 
75911 7965 12223 10708 78011 6466 81532 70661 52977 5202 15857 68199 19917 18678 76691 17209 73795 5340 17846 42174 5152 65026 19337 80158 6905 4506 62817 15137 49312 64374 2634 46085 64251 32329 31475 61227 56349 79940 60962 50285 57496 19832 43870 81669 44043 67360 57594 29117 4813 80490 28840 53197 9317 61107 79655 34930 49190 49249 25606 76385 79270 49332 15306 24398 82468 64202 72092 
37054 8651 50036 38091 34960 29042 53890 80961 54310 29333 62630 82160 22602 69125 76758 70553 4724 3337 42647 83049 41039 18864 34867 60377 51344 46847 73789 24244 30970 79467 73081 31467 68255 39296 48281 3515 44426 1635 31909 36820 53459 30320 78417 51555 19642 19219 2180 3755 5302 2492 48574 77486 72508 28234 82397 69409 21649 4901 45814 62204 63359 13686 47890 1837 77675 70029 15898 
68592 40450 75933 28822 15525 37332 22135 63848 51032 70294 39301 70533 328 59226 5612 33714 61731 16026 61361 22262 82069 37637 28988 74814 49900 68310 5723 77952 31890 52388 24009 67463 13003 9696 61542 20811 58847 8117 81 15902 16553 59087 60569 33331 54198 56042 8779 59665 51012 63306 21079 39207 63664 26638 39509 4770 53097 23423 8175 50204 35856 5050 82797 75235 25787 55925 61061 
36865 9531 17799 23844 42385 31720 48733 47163 82941 61764 62052 30435 36711 71025 60903 16547 63894 33563 29245 59926 34331 68039 4978 60078 39620 11622 27448 2405 70918 45871 14645 52252 79725 58948 45643 11811 74615 45492 74503 74093 82764 9361 6762 58058 8880 19816 21764 42751 1177 786 10092 70214 49950 4124 71927 27981 19951 24026 32916 29895 28011 5005 17342 39570 44167 41144 39021 
27337 674 41284 33298 73669 19315 82214 40568 25359 19600 63397 25150 23997 1858 21921 68250 49045 78555 31014 62786 52118 10658 69626 29929 58120 2303 51548 18743 22243 34473 2045 63869 41144 26588 38240 37100 8415 38032 62841 39775 3693 45808 63081 29146 77610 11196 79951 14396 33133 60958 31292 43024 81532 35606 33771 6398 21266 45508 48160 58513 5085 52619 42963 53674 72412 24857 74669 
43944 22770 54925 18589 23083 4478 72648 63690 38683 57083 68919 38216 68346 19921 13942 38929 20012 26287 5377 25312 35412 80579 53929 39405 76696 639 50456 65109 51242 51668 61722 74321 22247 30297 8048 5098 80546 57140 68775 19157 12533 22029 31185 4899 25330 71672 15 66193 34754 34434 14993 40966 12183 56529 13809 58983 13910 5635 15819 38248 64729 78173 73467 9064 4876 73681 71543 
50315 2551 49558 62393 61759 41671 15858 80621 41941 76664 1221 32823 38532 24508 79976 39281 62957 28495 11797 38453 4575 10250 15236 60181 76496 4018 58070 59104 73960 4667 5159 5519 31963 26999 38026 18537 13829 19217 44769 55116 3573 33698 81312 65509 1879 45780 72263 52483 50829 7739 44209 27633 80142 18852 63687 80738 30981 59402 75384 20230 75794 49380 9843 56993 17826 58978 83061 
56547 53477 77616 51842 41416 1227 72287 67863 65441 65771 43599 79238 36853 69050 44663 67706 39686 77964 71704 1491 44222 28032 35473 5485 81200 58271 9572 76832 70473 74737 64402 39773 29371 3063 76664 17998 47589 27480 43350 33228 68849 7969 18415 61839 68483 8571 13059 1630 55936 774 11220 9251 60497 63519 29942 6663 53850 19156 35809 55517 20992 29559 2741 64270 77630 75785 35499 
52797 67329 49558 44188 56737 812 79682 73340 15769 28318 72035 10313 57434 23862 18290 79348 56211 22775 49623 42114 77972 9644 79304 35638 4385 31533 45863 78084 50875 28186 13678 17791 79687 46679 31376 5050 4941 45459 46581 45054 1685 12080 3335 11818 2985 16021 36633 978 81437 1699 73296 42630 78883 69107 64035 22393 16133 11578 51110 40572 20927 51405 79021 26599 45838 8921 40925 
42376 43533 12653 51798 57532 65732 48477 81307 52014 29137 38306 80289 1551 23893 49860 62247 56400 73563 69144 31877 36234 9457 38519 12099 80852 73145 34413 2417 26060 69542 40640 78066 48330 42146 25975 9046 33626 19441 31814 28015 81041 6191 30212 9256 66839 18185 39234 25934 54987 7622 63296 42141 16045 42529 20190 75195 50591 46032 76361 11455 5906 1458 60333 23169 37560 39240 339 
17702 60490 20788 74869 20396 55861 46808 82380 58720 16120 20230 34243 48444 16435 10482 65171 26081 32530 28097 24654 40343 15718 58403 76914 55486 3357 42525 52079 18767 9611 43500 35510 82339 73009 31474 59466 16683 74400 3186 23480 2731 22662 44942 30651 73594 38963 50643 42275 79084 67745 28802 51173 533 51652 18402 2845 46158 11479 67245 11945 82881 21374 55292 60444 12484 41093 25165 
78905 41596 52844 69500 49812 28872 5198 34214 32075 80508 58228 73620 3376 17299 69977 40965 77666 27883 6247 77560 1239 45947 6184 20584 64426 63256 72142 65219 80556 76402 21913 61228 33019 5036 74522 65524 57385 30540 9713 60554 66471 33387 36706 49356 2992 40500 76710 67053 3828 65200 70933 38310 35454 13550 25622 55202 15170 27892 52616 376 52248 17012 60883 39792 63337 60895 61069 
63951 30197 16031 47034 59705 7776 55345 64389 19329 2108 74982 50634 67386 37636 34492 70151 6855 81307 52221 3880 29434 3233 21071 59464 30103 12650 54474 61682 76430 48066 55775 39762 75377 57540 38727 22571 9721 3273 18066 3537 39658 387 27081 75389 66876 79062 65884 2694 55989 71932 72786 64995 79585 24084 67859 59579 6523 74497 75652 80784 3125 10729 12089 12029 77952 18507 72229 
29543 14715 48638 55714 42803 14266 51172 79768 48315 36025 34452 13919 37183 48132 53893 20545 53929 15172 82415 23220 52325 41837 22700 30473 42170 30967 32294 32447 26992 886 46833 63917 49082 19034 81841 63924 69364 9229 1700 22699 52381 35949 24276 28361 22784 78004 43687 9187 4005 29862 11268 7267 26628 13378 15161 4713 42739 17817 62718 62170 41357 54469 48497 4586 23753 8978 42895 
58338 26153 13501 38241 28115 9613 74794 29336 20926 51726 54711 73905 161 24581 69509 69673 77494 50728 20722 82270 7299 58040 70703 47331 27391 21623 56706 16117 80169 25434 29456 42885 21114 65476 20427 57033 40042 14230 50574 57434 67138 33853 66372 54279 12261 46023 54005 50162 49422 42765 41728 11612 12260 73429 30611 58766 32420 58333 37605 75821 77133 27734 3090 54220 10584 73840 29476 
45828 35451 4532 22143 17856 59297 38711 34118 33620 77702 7945 50287 67411 42037 9655 24365 60780 30393 33474 62804 72765 72692 7979 21457 80295 33420 55363 79168 43559 14005 58395 22485 57492 161 24612 57583 47146 54387 40832 6431 59308 64689 17167 19519 36938 15789 18731 56567 52615 35932 70868 51698 52407 75404 5429 55465 29014 36717 39922 58098 15524 15348 31593 37824 44796 15972 28989 
13990 70191 53944 18303 64327 7925 77010 48576 45338 34049 26534 22257 57736 44612 71210 31810 45068 30257 4234 35343 67004 30660 74886 7629 287 5225 23111 18404 66061 51709 41627 36001 53253 30809 77260 61336 56876 43298 68510 72621 11779 65869 68574 21101 51692 46848 55928 8811 15673 20841 56554 72345 62170 45012 15809 14394 74758 69078 13808 61350 80784 49988 15820 63717 81499 70722 67943 
56797 1600 76660 22739 16929 72140 35668 53533 1399 3158 50115 23283 21819 77247 69300 222 4130 29039 73771 43108 13080 60778 52937 49925 76428 79711 55496 12708 77236 76242 46600 73980 82946 82770 16806 69949 24939 69887 47181 73943 81815 49663 11953 65769 36695 55167 1201 41625 82554 30376 17324 25225 67178 66130 31709 49783 15533 59438 6952 7684 77515 60829 78941 15395 2931 10412 38219 
32536 10706 4560 68684 80515 65728 68685 62704 35601 14704 17638 79573 20065 28516 13714 79380 62223 53030 60566 14816 81014 26246 66483 14577 43590 71266 38411 57316 24998 49844 39734 5920 36272 76366 2270 28785 28564 9973 77353 80389 21137 45746 13769 19233 81137 3404 8250 29468 4541 18678 43470 57742 58740 78685 18146 2809 18597 51708 37794 14615 24685 16493 67755 20350 3176 48959 16856 
11420 77116 75447 65364 15456 19845 12890 81471 53059 57345 81734 46082 63967 32005 33721 19622 3055 52779 81924 3562 7238 46055 33917 4710 70153 70432 25341 54834 79323 24900 55326 25919 68416 5959 29092 58334 35957 60295 69949 39169 44653 77647 72865 75897 40640 70037 43732 41394 28009 3204 55571 6956 29074 46391 62778 59219 77371 74991 60170 30154 2183 17086 26544 39680 78791 72244 40980 
