13 10
189 382 28 506 196 286 132 547 52 436 
190 194 10 543 191 339 180 4 261 56 
222 185 399 130 464 289 542 563 425 348 
117 129 410 520 366 93 241 71 168 249 
343 166 293 412 499 519 322 254 556 283 
465 365 534 451 85 256 44 51 30 121 
273 405 26 197 184 38 357 197 468 197 
217 244 17 15 100 366 38 158 279 464 
431 323 560 352 11 281 196 428 219 220 
370 71 472 323 87 175 105 340 165 335 
469 319 77 348 128 536 484 557 118 148 
298 126 286 126 476 54 264 239 548 362 
242 307 499 101 429 318 234 366 392 526 
