64 64
34905 85521 40185 53072 10700 59540 67736 28803 53712 9537 61158 5943 79560 40812 30040 27742 35989 18458 63098 42409 82484 75050 37370 41220 24193 53070 9237 71961 55680 28206 56249 63375 79009 35462 26285 83530 59347 45441 18695 46886 35085 4740 82153 10202 71956 958 43447 84282 17492 43787 24907 73382 4274 12735 65455 71000 49983 65666 10645 47393 10829 25179 4997 81565 
73293 47768 33873 39064 68621 31596 59294 45004 27867 62593 3298 38469 7371 36821 28470 57577 50541 27542 11196 66275 13312 12678 71334 5308 43921 86874 71214 22616 66486 59712 36964 12296 2217 24510 31794 35601 74005 80842 57066 55639 69238 69954 22596 30288 32029 68643 52708 5885 33614 2203 73282 44002 77305 14384 7692 24322 67491 81475 31328 54378 58106 55312 52649 64918 
3494 59912 43011 76353 39546 56718 28961 54996 54817 14510 45290 84484 57779 13954 84416 1146 8259 41311 15966 54181 26023 32552 45976 61663 2837 71800 31893 86182 66804 7351 43718 86634 18452 42449 27351 4024 67571 64367 39723 29497 10215 27610 48152 7961 51057 46494 31981 76788 773 81098 8000 3686 62276 62261 4794 54157 8959 8369 59973 8205 40076 62731 83257 52696 
40143 70197 16068 20604 85717 25954 14869 10874 23543 68787 15922 85114 63860 38947 66274 16911 70418 12681 47559 85793 35096 30393 78566 36837 12961 65437 21553 9136 41535 39781 32835 35986 46663 59969 70324 30872 23456 14769 33963 73772 85042 54431 49680 8579 23093 13149 14775 48765 24641 63354 66737 62313 84870 73379 60402 15211 17298 26545 48612 81346 28239 41859 6406 80788 
18049 18401 30357 16026 14017 73633 3538 84851 63803 33497 85507 32713 35219 3268 48362 20595 51701 15518 63658 82871 8313 2039 42151 25576 54695 28573 78856 37921 6508 5470 83586 23048 29730 15917 69096 28269 72420 31130 86030 33408 3328 65407 77920 75945 78838 7969 15472 70052 22078 24135 17759 12255 44214 37486 5670 47377 82834 9954 79402 14846 64288 81346 42633 19532 
46912 76966 12388 21560 74360 26573 64840 2513 20661 45402 51808 65453 23272 9365 84963 22062 19637 12915 31332 81488 67070 32687 39700 78302 38900 85532 34914 66272 18410 29807 446 510 77940 85308 33858 23068 21685 24297 49672 5032 46989 87056 7615 48218 18216 33422 74781 6315 25729 22286 59381 48678 63929 11984 53684 72191 27381 49447 13295 34971 57392 6502 34017 46111 
49956 72876 81931 83206 71055 39990 53067 17311 9144 41156 45219 72565 11355 74454 75629 27910 77666 6503 77484 9583 44211 79813 69601 79225 78603 47723 62797 81803 11901 75366 25480 73000 52823 46213 26165 37939 29047 53823 29460 59124 44546 51642 72319 54039 71750 77398 44900 70967 29291 47926 10100 30433 68939 26417 11505 58903 73232 23661 8527 17601 63916 18831 61881 49536 
3943 74098 61328 55596 46266 39534 79399 54520 81601 82565 80023 44252 81462 976 61369 17021 48989 65389 31127 52634 48233 63193 4098 25887 48157 15580 26410 40819 78457 18607 4406 14725 13899 12502 38168 25718 39449 19922 4938 44932 30194 69594 83581 37746 38458 26849 9794 33017 39961 6272 64578 61208 72893 64699 60204 20698 70393 7624 9157 3239 8911 61146 62667 74863 
75533 65286 38702 72670 6674 55969 85989 80533 38396 6806 86208 16375 62448 77081 57901 30850 80924 19084 46573 66652 60429 66131 50283 76608 16111 68156 69550 50329 81655 75673 2412 63184 47919 21201 75518 38422 7262 72929 38159 12133 56796 43693 42761 5847 43625 3576 46006 57407 80598 5683 10396 80728 44232 10401 35552 3956 30168 14041 14955 75451 75243 75633 35860 19817 
49563 10865 32216 31364 27896 3676 46456 49497 64341 33127 1635 62321 27830 41883 24784 6374 48951 10884 71642 59029 64473 83784 58086 53227 49760 20510 63070 23075 35043 27732 5320 7882 33160 60831 67855 11489 26591 21566 54814 11263 14242 43833 3925 26428 75470 36725 8056 38638 54804 58118 6505 32715 30895 24507 59557 36563 17470 64632 56968 57749 9234 2377 78836 33802 
72123 51219 46964 76311 80629 56723 2487 37730 65238 71142 39384 68011 10 76724 82213 38925 52523 73606 35575 74453 67322 47631 76011 58202 74039 33083 78437 29185 42258 7161 69483 74789 24853 46226 57772 38146 8845 8638 25459 54847 44529 86784 66489 139 68895 23650 23677 20238 78190 38201 52293 59707 78771 40402 1202 34240 29238 81112 70617 82822 52166 60073 19316 67610 
86519 18861 87011 52526 52363 73441 3796 67625 75787 79870 76271 19181 7213 14548 63252 33554 84212 1334 34948 79716 31163 83907 43875 37315 23320 54510 48434 24995 51898 36380 2847 60368 83769 20485 72662 35116 63646 3959 42907 68021 66390 18715 29821 63942 911 23776 72609 55635 47430 3223 55587 77950 35930 7043 76172 70931 82188 61219 33790 498 5884 28804 6348 35306 
80518 12247 39221 1395 78482 5398 48619 81935 27622 74730 18000 82411 36893 32017 54637 82391 32930 83642 19903 48484 8410 38693 69297 62242 21022 27155 49678 71920 30048 27207 61284 32284 34458 41101 39294 9801 66667 85218 9259 49433 39410 22569 64973 59273 56354 25772 65776 5215 51418 77806 67488 30535 41277 78121 4824 4700 41190 7601 49122 23451 72529 32808 4938 28802 
65058 46168 11574 85772 10081 30598 68993 57179 9495 184 23579 17689 75825 5147 47954 80028 7659 6773 70491 37272 53782 18768 35706 3442 5405 45999 346 39300 23031 73786 17363 84218 56544 69559 42419 51310 33336 42897 78673 48906 30316 73920 42095 32793 35943 39603 61034 27983 71666 55966 11122 78560 63477 63645 29508 17709 5417 73047 64988 19961 11865 76516 52067 78589 
7736 40481 31199 83373 43736 13588 45260 72240 64361 33449 72616 21813 64667 36540 70390 24375 60694 47875 85249 80430 35109 37309 85755 23479 4131 54892 81210 87139 39404 14022 67544 14065 20594 38978 13894 70229 71125 17361 35755 10013 68588 17226 30574 3623 46782 57400 14766 17884 60956 65480 59565 16259 21312 49577 47409 72504 31500 16831 27346 68878 42740 59764 5315 68231 
74557 11152 60266 82143 58431 43808 26083 20785 66389 14261 80454 70243 84502 40697 54667 25270 8796 6285 10420 5131 37501 23419 38028 64693 29226 18672 32882 22811 45113 14655 17825 4481 61369 54354 50305 16166 70665 74945 53480 25209 2014 43624 13008 69042 46647 33883 24469 54789 68095 84898 31886 27630 46366 1960 6828 43651 51158 37647 62904 495 14989 67127 41826 80549 
3228 56014 68096 15113 35705 46939 48447 16983 48916 20942 37145 59173 34585 53961 48529 16007 33313 67196 26701 9766 28918 75229 67877 77002 60540 6010 19204 7550 52446 85222 86145 49122 61853 78638 40510 29969 19741 41731 3136 81169 6726 27469 63929 86870 49476 49091 49942 46427 26194 59863 46024 8671 39771 70553 18438 82927 60503 61266 63993 70232 30930 78359 2297 74374 
60435 10804 14168 65091 63182 17575 42246 7610 21984 2245 39568 26627 51144 24364 29626 22371 17353 60867 1995 33935 6409 75317 58945 35128 83464 86471 13930 14144 60392 55976 86066 75021 67517 64975 80795 25417 31046 73189 50424 73971 55360 30808 14115 77397 50320 19353 10337 11957 48375 18456 44382 82201 31653 68184 77202 32422 25006 45163 26158 60696 33974 40592 40398 47596 
20830 52169 64880 69219 21681 63773 63372 35530 53933 18426 15911 164 23588 37275 69855 24214 57275 64871 54685 467 67805 25409 46618 72385 11848 49134 40115 29790 15997 51654 32508 20353 3093 4461 20276 69504 83301 55873 84906 17021 35664 70337 14224 43142 42086 32702 57187 7533 72145 55685 85434 3004 78656 23671 36013 69931 55341 51658 7344 67408 48417 85183 5136 86295 
54678 52015 15856 10030 63588 75188 20688 13338 80746 56848 18993 60654 66968 63377 77221 19538 55233 858 52586 72387 44447 59888 43737 18560 1271 37315 30345 17962 47992 66723 58623 44932 81370 72316 86809 6578 81678 29774 73527 11257 84364 44334 52231 29900 70299 83014 35979 71506 39511 47069 22347 6704 63343 78014 8507 25408 64309 37748 58422 86967 59559 47007 10665 34470 
75779 36263 12191 38354 43386 1421 61222 77448 39858 69477 77167 44719 39161 65117 6859 26157 51174 12597 48202 38499 61509 368 52677 13734 66212 52437 78489 18565 77774 76849 12904 57569 70384 41693 22245 43798 43965 31618 5352 25636 38057 82329 48944 86081 58395 59866 7322 954 79015 34211 16113 54865 2906 18969 24641 41331 34349 45279 47246 41079 79791 69459 53930 24132 
6482 27126 6617 13805 72774 25344 3082 75518 39685 74428 45747 35211 44934 59988 71134 29512 75835 66934 15536 62327 86103 70670 85517 23012 10041 59518 20783 45645 42334 21652 10056 42610 55131 18320 49124 20648 68376 44005 30991 22964 54358 32769 30920 72785 48984 75123 63647 49724 61768 18262 62232 72098 65702 35845 47143 10102 38237 32847 67002 42492 9082 32528 30041 76417 
64163 81892 59362 26608 28182 31494 58561 23713 38767 40332 32920 70338 61925 44348 22388 81568 36979 33952 24529 65988 24397 61301 10124 69516 7959 24422 74141 73255 68911 12810 79959 63553 47475 26600 24855 81105 5606 70133 19250 75599 40257 51431 16188 5421 493 36817 52740 77928 2083 43331 21820 78588 38411 68909 24615 82374 97 39682 84262 69469 50871 46729 82645 38044 
46770 75933 28792 509 76189 26289 53014 65561 16314 72325 5279 31853 4546 6801 77371 21390 38339 12296 38984 84296 64199 8947 26733 16734 9087 34404 8193 18352 1869 23468 8764 15085 29175 10728 45502 21981 31464 27273 50783 33457 49751 33253 70757 44751 11795 50797 70842 9006 76677 10002 86000 13453 56599 2837 36510 4941 2048 74608 68494 36083 52362 37350 47855 71135 
17970 42855 65667 12243 67637 1235 51704 77452 87283 24328 3126 81000 29032 66802 75868 9618 13502 57408 41926 61052 40459 68086 45045 67664 38572 82495 46252 8273 39634 70640 47637 80927 23124 67239 49982 31300 86692 50618 21321 64684 46061 72770 6572 31498 51293 55863 72632 49719 43651 13868 50868 8914 50375 38722 74605 2126 23178 26774 17667 66568 25814 42946 74208 23445 
7760 4859 40202 45136 52890 32904 85004 55358 27558 43560 39859 10200 5501 83488 39963 4005 41683 66064 75179 158 27649 16924 75568 12881 45535 16933 54090 55686 28392 42962 23621 6535 70866 24635 66814 34308 14338 52753 86503 25954 11776 76739 84382 65101 2522 26475 59365 37569 58250 85079 35023 19100 53944 3131 64758 55966 57710 53332 70012 25888 78307 85709 85921 38286 
32939 19774 55475 648 83157 57142 64683 9834 78653 60815 36380 35775 37176 2705 54819 30663 30777 47985 27207 23357 29522 57473 22239 66405 6561 67229 33845 87030 4648 16014 43657 65132 21539 43227 12253 58573 32112 21668 25624 10090 61884 57787 44117 26037 51945 42953 71980 49942 42776 31288 64065 84544 62489 17540 67535 42862 44978 52145 21889 79647 57556 7115 63776 85955 
7078 10626 77268 41697 6304 18498 71024 77920 19879 26418 34930 14732 50857 4505 16345 21405 77198 67084 13043 31184 77567 33939 21899 59814 20820 81415 72528 21574 67063 42247 4660 87131 14443 61617 36660 9599 18376 42881 53520 79639 87170 40392 54535 82756 31970 30007 67233 21768 41824 76323 80191 53168 48694 17941 17166 9323 75293 1586 8766 51646 32479 53456 24646 42017 
12822 39821 65433 61640 889 38139 18476 82556 20293 77389 51011 82919 41138 78467 53963 28895 7610 87048 56631 29119 66026 60698 61386 48153 13296 74176 15856 11971 28252 77987 51423 82765 77555 77970 83320 83429 18833 45081 33600 22740 66869 14951 37273 50551 28066 62870 82142 47476 28404 53922 78978 23066 31599 30536 78567 16451 8981 15912 31724 31521 68423 18381 9686 82712 
7898 52276 51501 10607 69238 42514 23294 46772 23126 69208 15269 22617 1518 22533 74529 66087 78977 28904 28593 84820 7373 53644 21154 19355 33003 26774 86277 31226 20584 1482 12088 84130 13616 9922 38581 4016 50100 5312 78953 12476 28490 73929 52905 44709 54425 79069 41374 29169 18719 73144 2590 81532 87082 61351 68452 86262 43268 31068 43590 68683 17887 50697 68588 32460 
4508 6558 60145 79880 81587 81437 79671 39864 5369 67576 19954 44097 30749 42749 5457 13830 62160 16442 40360 50312 50373 149 63912 52257 64002 46690 49561 68578 36302 39300 39956 12799 80834 47749 58169 82975 17028 11550 1927 55427 14095 51943 71662 40352 30470 49569 8709 22890 1411 79627 45845 13986 23355 84918 84453 58392 75775 32779 29935 9497 17800 18328 41201 38953 
66202 74780 79440 1053 3450 42700 59927 37093 22885 54306 12589 2614 47189 25439 74187 24913 2422 40957 12118 6900 58306 77856 61301 15576 45921 72679 27409 39307 9249 57094 70599 12340 76495 18928 47259 4793 74550 76371 67136 65761 10243 40412 19524 18062 79169 10845 36933 54266 34199 54782 33504 87072 71295 81637 69887 39122 6669 78177 14958 13374 79506 18999 85067 9054 
67505 63561 12753 77762 44570 65242 15220 44675 82595 79058 635 44170 70779 39202 27663 4838 56550 57219 46423 16492 73769 42673 23362 52749 43916 4268 34000 52134 48473 17170 36112 68897 64761 60254 30833 55590 32791 64755 87127 4391 41810 72979 82517 25242 77805 64912 84514 5709 30275 29619 78925 79821 76109 44350 47948 40584 73325 17715 68848 77862 20638 42269 70034 19048 
86088 41568 46339 45888 41419 16125 3540 74577 65731 48407 37300 43446 7402 26919 55523 84847 3656 64682 67870 64490 41750 85634 24184 37187 29918 12796 62093 62741 20143 41117 81267 54363 22975 75224 24141 84914 32349 18746 47550 14040 12899 84591 51976 10920 47309 64210 47280 16878 63019 36204 4630 45165 8946 932 7678 36431 13900 25758 26887 68452 42541 7251 87059 33446 
29036 46158 46702 72018 83029 26729 49390 85081 61794 79766 52547 40501 72018 5997 34054 48650 61002 28872 2474 71705 6644 4478 34090 45626 44870 52729 70484 26777 13353 34845 42401 1186 22743 62139 37566 73452 82752 57302 18373 32450 78172 58209 65028 58874 40970 78056 38222 39824 66048 10541 70644 50517 1001 56187 58607 38878 35613 29714 79462 85330 51986 16591 83129 76612 
43824 10063 30315 84003 84582 56762 28812 39840 19112 64218 68701 58637 50046 83425 61547 58930 49696 44133 75309 35531 76970 70068 69496 25509 36426 73540 64895 53661 66580 5712 3771 61280 71039 13652 53279 76556 43793 54793 37529 69743 4369 53150 45320 46396 47953 47307 45729 56221 83670 79011 53258 37419 10856 65443 42163 64475 58447 85457 4723 63278 36230 79900 79518 45980 
7852 11471 48509 32415 60148 42309 87224 61944 38007 6364 38807 25463 62457 37998 42254 86270 32860 38231 80546 33425 78331 14981 9547 2921 31462 65361 85152 64770 8793 29406 24439 83242 20891 32499 53781 84659 25214 389 42623 46444 32288 29318 51877 12375 69786 53116 45067 39979 64624 6262 62029 86039 30293 33787 77798 77376 15124 50009 39618 36417 24470 5568 59408 47598 
3194 64786 27502 63706 5977 20271 83255 22154 9827 39412 83545 81145 4765 77780 7848 33218 67440 48852 40654 42744 61125 9764 42108 61846 78734 64301 30179 16653 36173 49129 57640 29074 13868 66145 18037 85136 10986 4992 65943 58637 24891 84825 81375 25025 64496 42704 28149 77757 44989 7453 20947 41565 76630 63732 5942 47986 60780 81375 60795 61317 66048 7136 45965 76094 
55096 4752 7065 49428 48699 12721 83748 58099 18068 17894 35552 12049 78894 64987 7834 32449 43578 20285 23075 3533 1619 50845 3507 62345 48802 54451 70734 27669 41053 27438 84068 81424 26335 56600 51199 13532 18867 67864 29539 17464 52116 1920 64485 80985 83928 50043 78778 36880 20181 69793 9388 64560 83526 29902 74826 34754 77595 81622 53837 47217 81670 10731 83585 8792 
79791 20114 6471 74421 28227 77013 71451 82846 58393 74596 10485 68060 52292 17651 57871 15673 4850 15227 67953 26782 55629 69031 22119 83235 57410 67968 84393 52774 63574 68831 82589 57312 82989 41115 37834 80361 11316 73303 6764 65755 27654 65750 23250 47113 39317 80011 64843 83696 41208 48620 83311 40011 41831 50592 8927 81494 38944 11430 58216 56144 23198 19789 84236 52008 
22644 7995 38066 74273 21839 60764 1354 54896 11324 65106 58484 10200 2328 57537 70829 28926 39040 26428 60190 57202 73272 13647 39752 12389 67053 69155 8774 41184 86221 79099 47180 67479 50112 72177 77002 29155 20038 82865 80374 18614 47308 24604 20164 13930 11536 10625 58369 5273 19683 34357 25954 37132 61219 40287 82766 55922 18622 49126 32700 71730 64061 86619 31178 9806 
7734 71294 51730 52463 28572 59857 28469 37370 14471 53309 54435 48529 11190 25862 78755 17396 14857 27982 76505 45624 31294 11735 24003 14710 45636 24185 26211 5443 53932 79110 59432 48236 67052 23582 57219 16779 57216 71064 78959 9143 67108 13371 84418 26795 73076 70649 8773 14670 83458 35037 48053 4608 9587 33112 82219 1211 11054 12864 43289 48373 80636 3492 65136 6370 
74087 23561 43347 13167 44119 126 32864 80853 64012 24010 68339 62277 83488 67377 74506 17064 23519 42357 9670 40104 5880 54101 7119 77626 35356 50296 55330 80114 5729 82644 72451 51452 74482 56088 84527 77177 50300 80131 79562 9093 5504 22773 29417 45687 222 3582 49271 43484 31103 27107 69507 27234 45089 64660 85748 2736 31477 47488 67975 74325 47762 22534 36068 74502 
38281 39405 83788 73289 21591 46761 32756 37315 72471 1981 77724 58470 62449 23940 46554 68349 42759 21909 71057 79076 4697 58203 356 33724 46182 13523 58802 46152 56084 8926 61451 17555 65080 73109 85233 79590 76326 46592 73833 38440 57453 29641 929 63537 65090 26585 38955 80391 68460 39588 41692 19120 80355 66642 70003 80316 85711 43011 17744 3072 43949 6651 70547 10260 
10329 38330 38605 14666 86749 64457 68231 63734 8159 63725 16854 42157 66797 18809 4859 22501 32583 70055 434 49050 75113 5732 11500 36901 57569 84267 75889 34773 17157 15002 13430 47661 16752 73389 64802 41846 32204 16674 30720 70129 12604 82851 71117 21675 35880 10713 44899 28053 14605 78189 45622 38707 18479 10787 9528 9927 82167 69975 28354 23712 45784 11498 47164 19843 
27735 63171 69901 26878 31447 70479 59340 46564 49039 59553 84964 25615 25795 59279 4688 49814 31150 4431 56830 4938 83016 41885 5967 50603 83005 18448 33548 8953 83367 49203 48267 5350 72431 33423 58641 47117 38350 65328 58153 81990 27396 63402 32571 75519 78001 58675 17058 25389 33617 78591 66767 118 60794 35314 6447 65967 65099 74139 69630 70382 57063 49161 22570 24401 
44895 61639 51605 7033 23044 76282 32736 47063 43381 81072 67556 49200 49861 34785 26787 33143 66051 20201 79226 38125 22997 45619 72012 20408 64175 50318 19407 44768 13996 78347 13223 39528 40538 49048 4425 30588 33752 67174 35753 62739 56369 56050 58764 60741 52727 65193 85213 26255 58858 13251 5528 60114 27601 67655 2110 30128 76015 86327 22770 19702 57589 71292 50150 75347 
1532 73249 63113 33931 81191 58422 56928 67155 25624 67063 80930 43775 85384 51727 83480 58800 43944 64862 62344 73683 29815 65248 36819 72744 17160 45430 12329 47931 40802 22603 86427 19620 50375 16326 70123 27879 51890 56941 39059 28126 42672 12149 78315 46674 25420 3405 48175 62966 26601 60217 62685 9386 20880 27846 7832 5551 7875 36169 17571 76899 10625 55950 15115 2381 
2581 23019 13480 18757 38755 81690 50381 37059 84741 18635 19537 28865 75069 233 5274 48066 73535 24082 5095 74876 7119 16444 34680 52689 12771 51510 35763 56120 15535 16904 11580 7503 39304 21293 55728 67008 26316 35234 75139 5518 7322 80410 23535 70821 4049 83084 39234 2548 15515 62880 48307 13511 79549 20359 78662 60212 41122 36315 68941 33715 6007 21954 69675 14005 
34507 33397 11471 34947 62555 33406 74920 36549 56703 53943 70073 42640 21709 30233 6696 75965 91 20502 9291 81003 66670 47765 4880 62240 72317 61100 39389 66249 56999 5133 37777 31411 34180 83715 40407 53902 70457 58738 21062 70720 49122 64977 24192 309 62302 39835 33000 7926 39170 29267 71411 75791 58067 857 2793 17928 19720 11350 6138 9644 5164 64848 48593 79383 
51165 32774 69814 74048 13085 21779 79140 55616 64126 13327 55632 37344 12305 79377 85120 11748 51383 19152 9865 46537 46312 27160 79382 29301 75395 17740 18447 56404 83839 80671 22959 86290 66664 65448 65609 58652 3786 60857 82027 9746 16264 2980 62799 6729 38619 62124 27512 80447 4939 80953 18837 70760 2803 32245 29625 46216 48313 43126 32884 13832 31199 16115 51292 17700 
70532 43187 40162 2951 10856 23259 21777 62145 45811 64377 69540 5973 42351 47254 65768 3666 70181 65629 85606 51208 7444 45092 29322 78241 12342 28686 77357 77814 23390 60782 51356 80201 9662 35071 37943 74843 57140 86684 76246 40229 51023 43030 67391 5692 28870 62817 77381 49073 2139 6345 38480 27862 32625 59093 80187 7478 75974 45166 42839 13433 22497 39573 71118 21084 
3811 10190 84611 72850 66332 78045 57139 61977 39762 62431 11643 32317 61131 72818 65934 12847 45505 41794 11059 66784 55850 19999 62703 70071 53078 56517 47612 61358 85055 83301 30767 3346 61429 2710 35507 81499 52471 58148 27879 85112 64216 56255 28504 4451 80427 15595 39976 76826 50428 7828 25729 54077 3478 80840 77217 25572 14867 40663 13073 63002 58874 80199 80277 70912 
33778 19220 62637 27868 49431 71016 78219 24389 41748 52884 45121 10648 37585 48317 37823 44281 41610 80641 69030 3450 79706 24427 59767 36671 31436 17262 64221 86724 60818 76631 63135 44744 84799 60994 39708 39496 49708 19203 82028 62295 981 82134 36845 6283 83986 58940 77564 18657 50908 80283 83992 74297 13953 21549 54775 30529 9365 2859 32675 2624 41367 16165 29566 5699 
56249 24236 43439 18348 69715 16322 70321 74677 21253 51315 57142 65189 24099 82790 51625 16663 26784 7468 21533 3878 24247 3346 69609 28789 62367 78485 84167 4 52039 4458 40004 65064 12395 75758 76805 86740 36055 71098 72599 65218 28001 80399 50927 78805 22482 67174 32593 71397 75102 34752 34176 19795 80500 67809 17681 45316 20248 86247 55965 72930 55167 24168 85141 52728 
64869 29403 62179 43335 58138 4707 67913 23324 10837 84843 16677 81979 46084 62134 19039 33605 33255 7738 4399 87128 81823 59845 7208 9462 81761 73675 9300 8844 9624 41281 85907 2388 8226 11034 84606 49793 5667 84488 30318 6408 692 60893 42209 18610 66067 62246 18255 76338 57502 16652 32075 18251 78387 65309 22077 71001 31790 79459 14564 77814 76548 68758 47460 52574 
75056 64962 46837 58764 62236 30523 41127 51751 6455 43716 7992 17538 4395 74625 58573 61111 40284 86408 46239 46528 18397 41334 51950 50471 47081 71611 49151 45306 85690 37508 50907 49178 33186 68780 29088 67393 26582 5510 48577 75071 9449 62971 8993 66947 83283 11519 5683 1339 13297 46346 49550 51684 60430 26088 11792 4444 53251 30979 18113 5214 84604 48208 77637 29318 
63193 16229 54548 3301 50828 30065 59966 44790 64354 61968 77446 3859 27658 57073 22082 75987 3910 16467 86993 52478 78832 68015 32685 55784 44044 35832 26661 55625 87176 82816 2852 56464 7931 9172 4313 21552 78049 82117 66953 75083 42929 83386 44002 9860 85279 31381 86520 39789 19313 16277 22187 75833 69610 56931 40225 86584 60133 47102 67495 3546 83346 21133 81436 50920 
64191 40606 8512 65650 25987 17399 51516 76439 738 22531 8757 1516 77798 8115 8550 57455 8763 79053 51471 23323 50499 24697 28421 78722 53813 65975 66453 72364 73836 19485 60723 86647 58766 46944 15593 72417 87099 5211 62077 86787 68544 66374 63170 26729 59219 45179 50590 27548 39880 55788 67129 22730 86662 22312 48126 18341 50704 35646 23294 41207 25731 78356 375 37193 
25911 70888 16153 3949 15498 69310 27233 37945 71193 25605 60936 27987 77185 59690 31258 66668 2580 79434 69734 84776 32088 12188 6983 33198 85176 67676 32904 82230 36137 57761 42001 9066 29161 79707 39150 73302 5278 43836 45956 26609 34154 14491 47319 22628 36519 59162 3813 60740 43737 18224 9074 80903 17762 4564 13874 46115 48016 40521 76316 21061 8102 2370 82915 51565 
40074 73806 54160 10640 7667 59215 2474 32093 55111 38824 31815 73491 15720 68759 60098 83149 50446 64298 72863 67909 408 82669 58830 10301 13183 53718 5612 24239 39555 45982 85715 13836 3678 5637 12205 54584 1611 75711 38353 47313 19067 24745 15129 7590 44706 43386 74067 63009 56500 59336 71315 26570 56984 59325 75400 31322 50079 14049 2304 52573 74154 79347 76180 65210 
63570 43144 69915 1861 25325 62202 45200 41100 39883 30861 84003 19119 19061 19036 394 85231 25888 59149 321 26804 84961 51506 43216 73038 86239 35441 43195 69021 2824 74579 20653 60631 24044 77267 5719 79834 73396 54937 25362 26458 33090 48783 21504 55098 44144 76628 64492 18353 53453 36983 54516 19768 53884 68372 56717 5946 54021 36358 86267 37487 37277 53698 373 73007 
43728 12317 83632 72081 65638 72792 5778 42218 15092 35975 13365 72658 83390 43594 8537 53010 25093 31143 57926 42682 1925 74571 75159 12984 45461 71170 44359 79917 45033 32764 84789 56349 7561 80182 66010 11472 3752 75066 57502 22412 24702 60726 59038 70683 8686 47533 61434 14595 80362 33951 808 79108 47228 3180 80764 71142 30858 29173 77416 54752 37588 9429 21826 59697 
66684 20576 46363 64227 73201 44376 48530 70780 74636 4328 35512 58200 85945 39227 24335 28116 63033 83295 16159 67550 57486 75188 51585 1087 74773 11625 74887 64978 58274 58471 14226 17620 31057 45939 19599 1434 53126 61355 22122 46944 44978 9519 27227 10367 65534 24960 41555 10234 42911 56799 37415 23270 70744 38812 82588 34178 38145 59573 51342 1650 75035 16300 51015 4288 
