32 32
4290 3526 10766 4814 10422 42 4324 5310 8904 9876 759 7001 6300 1981 9719 1959 6421 8246 7951 7749 2333 7611 800 5666 6219 8448 8177 7459 6581 5331 1319 6085 
6840 7922 10225 5404 1574 9189 8078 6040 853 2349 10678 2985 2581 5583 905 6704 3818 2418 8213 6984 1104 7179 1401 5025 1060 2776 198 1517 8749 9539 7220 9114 
6222 334 4914 1612 831 2718 6949 10412 7891 4156 10100 1183 10265 4951 8050 4697 3309 4463 7029 7844 6290 5272 5371 703 432 6162 428 10689 5242 9928 1895 5001 
101 1573 2558 7291 6000 7694 7357 8593 7756 5556 5000 271 4187 3155 6005 5444 252 5547 2523 1641 6555 9224 8999 10789 7438 2196 2094 9273 3229 3507 2147 29 
10641 8756 8519 5024 2740 6426 5749 3860 8400 7959 8181 5089 2247 4143 3578 1781 7727 8780 4024 3655 1740 1503 7743 4057 599 850 10095 9146 6683 3072 1703 613 
3270 10325 805 2924 7977 3669 5211 94 123 6922 2547 18 4213 436 8771 8468 6443 5731 5165 9696 10134 4626 6342 5797 9269 10621 1779 2750 3523 1439 6856 5896 
8685 3025 5353 1883 9597 3541 10135 7524 1809 10687 4585 6495 7917 149 4926 7320 5968 6984 4674 7123 9842 6738 387 6972 2475 8889 5326 10408 1509 952 7680 4478 
474 7912 3606 5374 2628 4288 9504 6147 4305 5235 6550 8456 6491 3891 8068 2500 5691 9313 1570 1127 5907 2802 3494 8097 4222 8153 1329 4543 9888 4144 1016 114 
7453 9932 7996 6535 6654 1527 7032 1262 9819 3543 2709 8148 1826 2390 2770 875 2681 526 7641 8163 8224 2407 4818 10146 2152 6954 992 8244 2836 4778 5349 10570 
10520 933 10315 3085 3964 9486 9363 6386 1156 2039 2021 91 5171 3618 4666 4882 3652 6766 9594 4022 717 5620 3035 6766 6689 6518 4713 6543 10921 7566 4078 5423 
5517 10675 2806 9855 5288 3339 5151 2330 665 4783 8825 10559 7410 1134 4387 5017 283 5066 7447 1165 7403 3936 10152 1135 7324 3566 166 1208 7597 9771 9645 3843 
3801 6244 6101 6595 3435 6096 2125 4411 5381 7682 1180 9349 3878 4153 2384 4005 3338 7070 3898 8187 10323 22 2665 1975 9711 6289 128 3987 4989 3097 4316 7595 
9218 2181 2739 10228 2798 670 836 10819 6420 10682 3469 554 1792 413 3941 2446 6159 861 65 2663 9233 10908 7228 4053 38 6849 6423 3336 4021 2609 5494 9095 
6480 7550 9108 10327 8670 2255 6200 7690 7217 4654 3213 6891 3987 5601 6358 106 6856 422 6457 2974 8382 2252 2147 1551 9686 6328 616 9647 5216 9629 2785 5006 
6915 2418 10601 269 2314 3028 2231 3829 3455 5872 9320 6117 7151 10269 4770 768 9639 7470 5704 4048 4867 4813 4607 10815 868 6949 10691 10103 7273 730 5040 5486 
1366 8794 4937 916 1501 9942 517 6602 132 3055 10165 1569 298 6216 2489 8707 6775 4475 10565 10550 2097 3817 4256 6257 4571 9800 6273 6958 735 6042 6673 8745 
9606 7490 7215 7613 8515 1920 3714 10465 7974 1453 7864 7133 3392 5318 1736 4784 6524 7655 6047 3960 10532 8677 6086 5435 5035 4224 7749 7470 7087 3177 10791 8984 
1220 7901 722 9201 1841 6349 5724 3736 1994 10079 2277 221 1387 1837 3146 2475 5882 8204 6634 4428 8593 5245 5567 5537 8414 826 2107 7390 7044 5712 5870 5647 
3583 3875 9829 10845 10747 10107 10857 3287 1445 4512 6010 278 10482 6297 10223 4813 9075 3902 9425 2566 1547 4296 5978 2721 3988 8975 1594 10649 6685 8100 1182 10640 
298 5151 10047 10547 1498 901 7541 7958 1770 1434 8991 8443 1131 8739 4620 9408 6967 9468 2695 8994 9542 2899 4655 2910 6772 3921 10606 3461 10527 3450 1083 2490 
3777 4747 4217 3228 3125 712 8623 6336 788 722 8078 5212 6394 10886 6246 4325 2497 9938 211 10332 9259 256 2395 10017 1540 3086 4435 1068 10667 7358 677 8884 
10325 9653 7213 1842 6569 5486 3097 9188 620 1205 3701 4830 9238 800 7461 6662 8221 2457 3562 2441 1018 10686 1686 664 5622 6446 5078 4834 8152 9302 2013 5194 
5320 3073 3869 654 8249 10052 8109 632 5323 1743 2039 2170 8226 8764 799 10275 9886 8414 2863 10178 6533 6686 3730 9775 6138 1848 8485 10809 9001 5449 7344 6119 
10562 4533 7340 3213 8308 6417 10325 9440 2643 5377 822 8959 6098 5149 18 8793 10882 1279 3100 7844 10184 9797 3113 7619 7167 10391 5003 3798 6926 2796 1302 3861 
6762 6641 10507 2895 4700 2658 3442 1679 7942 974 9187 5173 6364 3486 4989 8266 9276 5617 9887 5021 5629 4002 10607 4437 1226 5289 6188 790 4646 4171 144 9706 
8814 3949 6858 9956 959 7584 7488 905 7194 6584 4454 7574 10401 1058 4030 2379 2115 7811 4769 3248 5886 10464 366 3090 10774 6605 3394 3351 3361 5595 10409 10032 
6846 2562 3856 9421 6203 4473 9809 9215 10472 6736 2757 4058 8915 3046 8038 1168 7328 713 7829 10516 8654 5082 3251 162 3436 10608 4275 8359 318 8033 3360 2245 
8285 2774 8310 122 9603 10259 5135 8592 531 4838 5785 10718 8469 425 6609 7003 7225 10344 10667 2422 1579 887 548 2208 8448 9999 7127 1197 1942 2423 8037 7537 
6616 9487 4400 8146 6874 6641 6149 5335 4489 10185 3464 3070 7500 2289 1315 637 6089 7291 6179 5471 4357 3835 4182 6582 5017 3677 1393 2309 809 7534 162 2217 
3640 6800 4542 2048 9594 1320 1467 1345 9744 6117 6277 2605 6335 7186 1952 5295 3696 9479 1414 10294 3089 6390 8503 5994 5160 6797 3833 4259 9999 5690 3668 10656 
4836 6276 4932 1418 9904 2231 7542 282 9973 1823 10369 3755 1764 9193 9043 7060 3497 6462 10262 7191 2892 8978 9448 67 5471 6745 973 9318 6200 10276 3383 766 
2986 9505 8112 3821 6024 1958 3390 2269 9184 1473 8102 6767 1088 9507 1719 4251 5289 4170 7069 8533 273 3995 2719 9622 5279 3056 3963 5444 1364 3263 1995 3744 
